000004
000129
000229
000258
000271
000395
000406
000503
000580
001057
001182
001349
001437
001442
001475
001500
001503
001584
001592
001738
001770
001778
001856
001927
002022
002086
002140
002142
002292
002398
002468
002486
002558
002575
002632
002708
002736
002855
002929
002963
002972
003019
003032
003117
003210
003251
003273
003322
003331
003411
003489
003585
003634
003649
003668
003719
003771
003977
004076
004200
004253
004526
004585
004609
004614
004645
004665
004682
004710
004786
004836
004858
004900
005072
005162
005192
005288
005328
005423
005445
005569
005586
005635
005744
005963
005982
006012
006061
006188
006201
006204
006329
006370
006429
006443
006482
006513
006595
006613
006701
006761
006822
006830
006840
006864
006878
006993
007015
007077
007084
007205
007241
007325
007333
007349
007362
007389
007398
007800
007847
007855
007931
008125
008149
008183
008601
008668
008720
008792
008814
008849
008919
008993
009069
009087
009138
009140
009326
009387
009547
009582
009599
009639
009655
009755
009899
009910
009945
010014
010164
010168
010169
010191
010241
010352
010451
010638
010688
010781
010862
010876
010879
010938
010959
011013
011033
011075
011167
011420
011437
011640
011714
011766
011771
011926
012015
012081
012136
012192
012202
012203
012321
012325
012332
012343
012371
012378
012536
012757
012945
012968
012990
013098
013215
013251
013272
013351
013395
013408
013459
013472
013530
013579
013602
013676
013742
013776
013810
013952
013960
014002
014040
014232
014330
014344
014361
014379
014418
014509
014521
014533
014585
014589
014748
014838
014993
015202
015219
015248
015309
015370
015429
015438
015514
015573
015683
015738
015945
015977
016049
016067
016123
016131
016232
016335
016359
016394
016629
016675
016784
016895
017018
017021
017054
017085
017253
017303
017437
017446
017522
017537
017580
017586
017612
017796
017903
017927
018022
018054
018102
018153
018178
018208
018223
018301
018348
018379
018420
018448
018490
018736
018786
018799
018942
019143
019170
019282
019311
019324
019349
019355
019412
019435
019553
019583
019584
019586
019635
019657
019767
019816
019818
019925
020035
020079
020114
020142
020167
020170
020171
020195
020252
020292
020303
020313
020432
020463
020565
020572
020579
020617
020771
020772
020775
020791
020891
021052
021191
021212
021267
021321
021341
021382
021427
021431
021571
021588
021737
021796
021886
022016
022090
022136
022257
022258
022294
022329
022343
022365
022461
022479
022508
022608
022713
022875
022904
022927
022987
023040
023043
023098
023106
023156
023201
023264
023331
023359
023360
023363
023431
023476
023654
023760
023996
024055
024215
024268
024294
024310
024436
024539
024581
024594
024671
024756
024820
024886
024927
025060
025128
025505
025646
025731
025741
025776
025882
025906
025940
025981
026002
026031
026137
026256
026267
026364
026407
026471
026528
026565
026618
026633
026731
026809
026907
026944
026966
026997
027024
027157
027178
027225
027233
027326
027423
027446
027489
027559
027583
027780
027831
028117
028123
028129
028144
028173
028224
028388
028392
028457
028572
028657
028764
028830
028858
028902
028955
028983
028999
029088
029245
029349
029379
029381
029430
029453
029463
029476
029578
029583
029635
029649
029656
029713
029767
029853
029878
029936
029945
030097
030122
030162
030280
030289
030309
030331
030357
030411
030445
030472
030503
030556
030595
030602
030739
030813
030889
030943
031017
031019
031029
031036
031079
031188
031216
031260
031441
031522
031549
031605
031627
031640
031770
031796
031959
031977
032287
032394
032421
032435
032531
032617
032619
032642
032817
032908
032953
033192
033236
033386
033459
033491
033617
033837
033863
033871
034173
034232
034256
034335
034378
034384
034466
034511
034634
034744
034876
034921
034984
035004
035088
035113
035175
035251
035277
035318
035345
035402
035474
035487
035498
035610
035676
035689
035745
035857
035879
035983
036006
036061
036113
036115
036119
036122
036270
036274
036285
036321
036399
036592
036622
036676
036768
036841
036865
036877
036909
036973
037023
037024
037075
037078
037104
037136
037174
037175
037277
037298
037301
037340
037455
037501
037686
037755
037788
037915
037926
037954
038109
038110
038150
038240
038292
038441
038456
038588
038600
038613
038708
038722
038778
038795
038853
038884
038977
039100
039398
039442
039522
039604
039639
039681
039785
039803
039938
040040
040106
040109
040123
040146
040217
040317
040391
040421
040449
040477
040487
040514
040624
040673
040734
040794
040800
040921
041021
041143
041166
041180
041194
041234
041401
041547
041567
041597
041636
041984
042137
042158
042193
042259
042319
042369
042379
042683
042868
042918
042973
043034
043140
043281
043285
043448
043465
043500
043601
043654
043700
043717
043720
043728
043796
043800
043804
043909
044029
044043
044051
044056
044079
044114
044147
044308
044315
044499
044892
044922
044946
045222
045227
045246
045448
045529
045543
045581
045684
045956
045996
046014
046093
046149
046155
046292
046301
046317
046393
046458
046466
046524
046676
046820
046830
046864
046868
046901
046947
046952
047112
047165
047509
047583
047691
047694
047697
047786
047939
048085
048343
048358
048360
048378
048482
048548
048576
048600
048678
048710
048721
048754
048795
049516
049555
049604
049617
049636
049667
049768
049772
049880
049916
049934
050002
050067
050211
050277
050299
050312
050356
050428
050461
050464
050509
050604
050675
050700
050767
050840
050868
050883
050906
050937
051093
051433
051515
051521
051571
051584
051617
051889
051954
052069
052085
052148
052278
052409
052428
052441
052481
052576
052599
052718
052846
052847
052892
052900
052914
052935
053027
053199
053215
053314
053319
053443
053482
053509
053525
053625
053668
053698
053798
053847
053870
053923
053954
053965
054000
054043
054190
054275
054277
054279
054285
054307
054421
054494
054517
054525
054552
054562
054586
054600
054604
054709
054769
054809
054811
054998
055133
055155
055158
055282
055311
055359
055438
055458
055583
055722
055748
055853
055873
055882
055891
055896
055916
056028
056091
056163
056196
056252
056253
056499
056516
056588
056755
056925
056939
056967
057122
057168
057355
057357
057405
057443
057460
057494
057500
057667
057817
057820
057821
058150
058153
058209
058212
058242
058272
058356
058400
058439
058457
058498
058536
058762
059035
059221
059338
059357
059445
059638
059641
059687
059731
059918
059960
060015
060036
060212
060259
060351
060387
060399
060447
060453
060498
060572
060582
060713
060848
060878
060983
061236
061242
061357
061395
061458
061598
061647
061685
061754
061822
061840
061842
061945
061957
061994
062014
062062
062075
062144
062291
062422
062467
062645
062820
062854
062881
062916
063022
063030
063087
063093
063139
063177
063202
063242
063321
063329
063339
063387
063453
063504
063520
063546
063635
063686
063747
063959
063969
063989
064025
064104
064119
064137
064187
064197
064223
064226
064256
064370
064410
064434
064456
064459
064662
064668
064719
064724
064758
064786
064992
065023
065070
065097
065293
065314
065429
065449
065565
065572
065573
065702
065709
065733
065833
065912
065947
066061
066070
066232
066237
066253
066284
066310
066323
066394
066711
066765
066767
066769
066922
066998
067121
067134
067165
067244
067259
067281
067303
067304
067355
067445
067449
067611
067771
067884
067955
068053
068164
068229
068232
068297
068303
068380
068524
068562
068606
068630
068650
068814
068820
068911
069001
069190
069299
069453
069507
069544
069591
069680
069682
069725
069827
069869
069876
069881
070097
070168
070312
070374
070479
070576
070643
070654
070682
070716
070929
070968
071067
071118
071158
071166
071379
071388
071452
071490
071534
071569
071585
071659
071809
071886
071898
071915
072017
072059
072115
072234
072314
072377
072379
072386
072434
072520
072534
072554
072557
072635
072706
072767
072784
072793
072801
072844
072846
072882
072920
073000
073253
073291
073321
073363
073458
073542
073593
073661
073726
073808
073846
074137
074322
074397
074411
074426
074568
074585
074588
074614
074701
074771
074793
074820
074826
074998
075008
075046
075127
075317
075389
075542
075547
075637
075735
075736
075793
075956
076022
076042
076050
076069
076158
076192
076199
076202
076203
076222
076254
076365
076428
076461
076528
076532
076544
076680
076710
076785
076839
076846
076991
077059
077077
077156
077211
077273
077276
077285
077318
077559
077735
077874
077913
077935
077941
078131
078147
078269
078340
078350
078397
078413
078541
078601
078633
078659
078786
078812
078841
078924
078931
079037
079050
079111
079179
079241
079273
079500
079617
079677
079698
079712
079753
079766
079782
079823
079845
079879
079906
079924
080030
080047
080060
080278
080292
080342
080369
080398
080570
080610
080648
080661
080718
080849
080870
080879
080895
080898
080948
081057
081141
081340
081378
081440
081502
081608
081792
081816
081888
081956
081963
082137
082317
082394
082449
082494
082556
082595
082721
082762
082801
082939
083098
083313
083322
083708
083732
083746
083763
083967
083989
084032
084165
084171
084192
084212
084293
084301
084347
084395
084567
084686
084689
084749
084818
084879
084991
085080
085106
085153
085328
085357
085368
085440
085460
085590
085662
085687
085724
085838
085843
085859
085917
085921
085958
085960
085965
086155
086192
086240
086254
086341
086599
086612
086640
086647
086767
086782
086796
086858
086906
087041
087185
087209
087256
087266
087423
087480
087554
087582
087637
087660
087677
087741
087790
087804
087813
087826
087832
087997
088011
088115
088172
088216
088225
088284
088293
088296
088302
088583
088749
088766
088849
088859
088872
089040
089095
089136
089194
089233
089255
089279
089400
089469
089581
089606
089667
089740
089771
089795
089855
089865
089885
089947
090065
090119
090186
090267
090379
090407
090435
090532
090563
090593
090744
090814
090849
090905
090935
091002
091027
091029
091030
091070
091112
091126
091134
091159
091214
091248
091249
091375
091502
091599
091670
091708
091819
091957
091973
092250
092278
092307
092342
092422
092456
092627
092764
092767
092770
092797
092889
092924
092929
092947
093041
093083
093125
093168
093255
093362
093478
093524
093568
093573
093724
093759
093782
093784
093850
093852
093854
093887
093993
094081
094129
094150
094214
094228
094355
094358
094445
094472
094505
094546
094614
094640
094829
094895
095124
095125
095180
095196
095207
095213
095285
095298
095310
095314
095317
095403
095546
095617
095627
095638
095788
095842
095867
096218
096270
096357
096464
096493
096553
096566
096607
096642
096645
096683
096801
096860
096997
097035
097041
097072
097125
097163
097165
097211
097274
097297
097350
097420
097518
097535
097585
097627
097716
097725
097732
097808
097885
097950
098039
098190
098228
098320
098572
098579
098596
098754
098863
098866
098895
098945
099024
099076
099090
099599
099826
099833
099877
099951
100122
100176
100213
100339
100411
100445
100482
100586
100592
100625
100649
100745
100759
100769
100820
100859
100862
100984
101081
101138
101147
101326
101385
101508
101517
101562
101700
101742
101770
101804
101900
101915
101980
102093
102098
102103
102117
102237
102310
102406
102525
102643
102678
102681
102912
102944
103053
103061
103090
103202
103364
103373
103561
103600
103670
103676
103732
103782
103842
103843
103862
103883
103904
103952
104023
104071
104105
104141
104219
104274
104403
104447
104448
104456
104625
104660
104737
104754
104764
104841
104897
104949
105018
105119
105157
105291
105305
105323
105326
105369
105409
105460
105479
105505
105506
105536
105743
105776
105878
105920
106123
106194
106278
106308
106369
106378
106442
106483
106560
106608
106612
106643
106794
106937
106944
106948
107011
107038
107099
107190
107258
107292
107332
107365
107410
107414
107663
107719
107943
107969
107980
108016
108208
108284
108344
108447
108567
108575
108585
108646
108659
108661
108708
108775
108776
108807
108887
108893
109000
109087
109093
109122
109136
109265
109313
109332
109441
109509
109533
109599
109613
109659
109713
109774
109797
109802
109813
109863
109898
109951
109983
109993
110177
110262
110437
110453
110464
110500
110503
110562
110782
110964
111022
111038
111062
111079
111108
111219
111232
111280
111492
111500
111551
111580
111664
111695
111744
111773
111782
111834
111913
111938
112020
112030
112032
112045
112139
112195
112267
112314
112351
112361
112375
112385
112387
112395
112400
112494
112562
112595
112711
112800
112804
112856
112891
112984
112989
113017
113047
113058
113059
113140
113194
113323
113463
113532
113539
113606
113776
113983
114007
114151
114211
114241
114259
114502
114645
114670
114740
114798
114832
114860
114957
114992
115018
115070
115107
115151
115164
115180
115229
115282
115348
115384
115786
115816
115879
116148
116188
116211
116228
116346
116409
116503
116522
116628
116686
116819
116826
116833
116920
117028
117169
117175
117193
117315
117483
117505
117557
117725
117817
117913
118010
118017
118054
118106
118130
118137
118344
118394
118456
118537
118611
118720
118762
118795
118913
119044
119061
119299
119312
119338
119348
119404
119503
119530
119579
119656
119695
119901
119959
120243
120341
120440
120445
120589
120680
120734
120771
120808
120926
120961
121023
121059
121115
121179
121364
121377
121382
121452
121629
121645
121646
121692
121872
121886
121930
121971
121996
122324
122337
122372
122412
122419
122434
122487
122554
122582
122613
122674
122677
122778
122781
122800
122815
122820
122877
122967
123076
123089
123100
123102
123160
123363
123378
123384
123404
123429
123457
123646
123750
123803
123848
123906
123912
123983
124014
124036
124040
124122
124171
124405
124478
124534
124572
124611
124639
124800
124895
124917
124958
125057
125131
125148
125234
125261
125268
125371
125554
125627
125724
125824
126094
126275
126406
126540
126545
126546
126619
126855
126919
126993
127039
127071
127189
127298
127328
127334
127394
127579
127613
127693
127698
127714
127856
127946
128001
128090
128139
128149
128165
128267
128281
128323
128427
128573
128597
128611
128948
128953
129015
129356
129389
129537
129556
129559
129586
129754
129845
129943
130048
130123
130157
130332
130622
130635
130671
130678
130732
130734
130850
130992
131142
131269
131274
131304
131335
131343
131348
131353
131382
131413
131472
131489
131507
131593
131627
131641
131742
131803
131804
131945
131960
132008
132046
132096
132100
132120
132217
132278
132316
132381
132405
132411
132427
132447
132474
132529
132535
132542
132705
132781
132825
132851
132902
133011
133021
133116
133147
133308
133320
133376
133454
133534
133607
133676
133753
133809
133846
133885
133926
133968
133993
134056
134069
134087
134177
134221
134315
134376
134403
134500
134597
134621
134636
134779
134787
134804
134831
134874
134875
134897
134914
134922
134932
134977
135024
135030
135155
135164
135230
135289
135340
135376
135379
135423
135425
135597
135632
135640
135683
135756
135803
135805
135921
135930
135974
136156
136220
136380
136454
136519
136602
136697
136719
136792
136867
136882
137010
137031
137156
137206
137272
137278
137310
137362
137375
137544
137590
137596
137623
137779
137814
137976
138230
138331
138420
138462
138590
138709
138739
138770
138902
138913
138925
138930
138960
138987
139068
139087
139092
139161
139283
139292
139376
139398
139472
139499
139501
139555
139598
139833
139962
140096
140166
140201
140288
140418
140462
140545
140646
140787
140829
140918
141096
141137
141181
141301
141333
141365
141392
141395
141479
141535
141651
141717
141729
141794
141967
141989
142000
142076
142083
142152
142252
142269
142274
142409
142454
142483
142511
142513
142615
142688
142754
142921
142964
143204
143234
143347
143383
143735
143754
143773
143825
143922
143934
143953
144193
144364
144366
144478
144567
144618
144738
144754
144779
144830
144861
144880
144973
145008
145028
145030
145035
145043
145082
145094
145145
145154
145262
145457
145586
145631
145645
145766
145799
145922
146036
146070
146169
146232
146311
146312
146369
146504
146526
146567
146624
146798
146803
146847
146977
146987
147095
147104
147111
147128
147204
147288
147312
147415
147491
147605
147732
147759
147875
147890
147894
147908
147927
147970
147974
148074
148178
148233
148251
148357
148375
148534
148622
148725
148741
148752
148774
148963
148979
149128
149208
149257
149448
149469
149521
149590
149647
149651
149733
149740
149766
149772
149852
149906
149975
150013
150063
150075
150126
150166
150180
150209
150232
150300
150329
150396
150399
150402
150404
150420
150454
150506
150542
150574
150604
150605
150639
150765
150811
150832
150845
150897
150905
150940
151040
151084
151135
151147
151164
151211
151225
151227
151323
151336
151377
151518
151577
151605
151730
151745
151765
151861
151924
151996
152003
152035
152117
152184
152195
152238
152267
152296
152330
152380
152490
152579
152585
152640
152700
152776
152782
152911
152920
153000
153034
153040
153049
153150
153161
153192
153211
153250
153530
153532
153628
153700
153800
153801
153806
153861
153914
153959
153965
154261
154283
154293
154310
154384
154388
154393
154416
154438
154479
154580
154611
154620
154740
154915
154964
154975
155073
155111
155198
155270
155286
155309
155373
155526
155603
155655
155657
155707
155822
155890
155911
156257
156267
156287
156389
156418
156487
156494
156646
156740
156911
156946
156978
157059
157231
157238
157245
157253
157310
157341
157486
157554
157629
157657
157667
157679
157732
157764
157833
157852
157901
157971
158209
158217
158434
158449
158454
158471
158539
158651
158662
158740
158917
159060
159286
159359
159495
159701
159723
159925
159949
160045
160071
160085
160222
160256
160307
160336
160338
160398
160426
160512
160517
160645
160862
160867
160895
161047
161200
161248
161255
161293
161426
161708
161723
161769
161778
161788
161814
161815
161901
162002
162150
162284
162296
162303
162332
162375
162580
162581
162675
162719
162747
162838
163086
163248
163284
163326
163629
163636
163786
163799
163842
163898
163901
164074
164216
164321
164547
164636
164651
164681
164791
164883
164917
164999
165069
165093
165111
165253
165282
165392
165446
165514
165787
165863
165950
166009
166049
166447
166453
166676
166969
167009
167166
167227
167347
167523
167567
167577
167889
168009
168028
168039
168147
168419
168471
168500
168554
168571
168605
168725
168732
168854
168896
168979
169034
169090
169347
169414
169467
169472
169781
169782
169801
169864
169938
170108
170211
170222
170250
170267
170336
170350
170523
170672
170827
170938
170993
171511
171550
171608
171872
171909
172357
172790
172821
173026
173189
173402
173508
173533
173616
173642
173783
173826
173844
173901
173912
174154
174276
174298
174558
174874
174920
175212
175237
175629
175732
175749
175909
175939
176070
176102
176218
176351
176481
176560
176586
176680
176754
176761
176801
176908
176910
176944
177030
177100
177156
177166
177333
177444
177602
177675
177777
177910
177924
177941
177985
177991
178282
178329
178341
178389
178508
178580
178758
179087
179161
179191
179374
179508
179755
179983
180228
180371
180536
180960
180995
181100
181115
181455
181560
181898
181956
182137
182197
182260
182261
182300
182314
182336
182353
182368
182373
182439
182451
182521
182699
182755
182803
182839
182869
182902
182914
183072
183107
183123
183144
183160
183342
183357
183429
183466
183527
183613
183632
183671
183682
183695
183725
183743
183750
183783
183801
183803
183919
183950
183967
184027
184041
184054
184195
184245
184261
184283
184285
184313
184400
184483
184563
184743
184844
185008
185215
185235
185255
185311
185397
185567
185599
185687
185978
186105
186155
186170
186249
186382
186383
186442
186518
186527
186577
186618
186645
186708
186790
186799
186823
187044
187234
187342
187428
187444
187449
187632
187762
187777
187782
187954
188026
188027
188424
188447
188473
188491
188548
188580
188657
188839
188865
188893
188937
188954
189012
189064
189134
189226
189487
189496
189500
189539
189603
189732
189771
189913
190026
190183
190306
190346
190496
190530
190577
190621
190633
190638
190644
190704
190778
190887
190947
191141
191164
191266
191357
191362
191422
191650
191656
191810
192002
192054
192062
192070
192142
192286
192466
192714
192734
192746
192767
192903
192905
192971
192979
193064
193375
193378
193518
193609
193617
193647
193732
193743
193752
193836
193896
193971
193996
194363
194384
194491
194517
194529
194595
194619
194643
194653
194656
194679
194752
194790
194866
194871
194890
194977
195012
195284
195316
195368
195369
195440
195493
195558
195699
195831
195846
195958
196013
196032
196112
196248
196313
196315
196342
196404
196415
196431
196452
196513
196681
196724
196814
197026
197045
197201
197287
197320
197334
197526
197586
197600
197637
197643
197670
197693
197695
197724
197795
197920
197996
198078
198117
198211
198342
198473
198705
198706
198724
198731
198772
198780
198862
198872
199031
199288
199351
199464
199491
199651
199807
199809
199841
199973
200040
200041
200086
200236
200287
200404
200411
200424
200489
200533
200593
200654
200708
200741
200954
201001
201023
201045
201078
201176
201286
201430
201472
201635
201645
201863
201864
201945
202061
202074
202098
202482
202486
202497
202511
202582